# Made in Blockbench 4.9.2
mtllib tree.mtl

o cube
v 0.29374999999999996 1.5812499999999998 0.36250000000000004
v 0.29374999999999996 1.5812499999999998 -0.2625
v 0.29374999999999996 0.018750000000000044 0.36250000000000004
v 0.29374999999999996 0.018750000000000044 -0.2625
v -0.33125 1.5812499999999998 -0.2625
v -0.33125 1.5812499999999998 0.36250000000000004
v -0.33125 0.018750000000000044 -0.2625
v -0.33125 0.018750000000000044 0.36250000000000004
vt 0.3949367088607595 1
vt 0.6098101265822788 1
vt 0.6098101265822788 0.7139240506329119
vt 0.3949367088607595 0.7139240506329119
vt 0.3949367088607595 1
vt 0.6098101265822788 1
vt 0.6098101265822788 0.7139240506329119
vt 0.3949367088607595 0.7139240506329119
vt 0.3949367088607595 1
vt 0.6098101265822788 1
vt 0.6098101265822788 0.7139240506329119
vt 0.3949367088607595 0.7139240506329119
vt 0.3949367088607595 1
vt 0.6098101265822788 1
vt 0.6098101265822788 0.7139240506329119
vt 0.3949367088607595 0.7139240506329119
vt 0.3949367088607595 1
vt 0.6098101265822788 1
vt 0.6098101265822788 0.9544303797468354
vt 0.3949367088607595 0.9544303797468354
vt 0.3949367088607595 1
vt 0.6098101265822788 1
vt 0.6098101265822788 0.9544303797468354
vt 0.3949367088607595 0.9544303797468354
vn 0 0 -1
vn 1 0 0
vn 0 0 1
vn -1 0 0
vn 0 1 0
vn 0 -1 0
usemtl m_26de012e-ba8e-8d66-c9c5-a6d99ad7124f
f 4/4/1 7/3/1 5/2/1 2/1/1
f 3/8/2 4/7/2 2/6/2 1/5/2
f 8/12/3 3/11/3 1/10/3 6/9/3
f 7/16/4 8/15/4 6/14/4 5/13/4
f 6/20/5 1/19/5 2/18/5 5/17/5
f 7/24/6 4/23/6 3/22/6 8/21/6
o cube
v 0.23124999999999996 2.51875 0.30000000000000004
v 0.23124999999999996 2.51875 -0.2
v 0.23124999999999996 1.5812499999999998 0.30000000000000004
v 0.23124999999999996 1.5812499999999998 -0.2
v -0.26875 2.51875 -0.2
v -0.26875 2.51875 0.30000000000000004
v -0.26875 1.5812499999999998 -0.2
v -0.26875 1.5812499999999998 0.30000000000000004
vt 0.4911392405063291 1
vt 0.6189873417721519 1
vt 0.6189873417721519 0.7257911392405078
vt 0.4911392405063291 0.7257911392405078
vt 0.4911392405063291 1
vt 0.6189873417721519 1
vt 0.6189873417721519 0.7257911392405078
vt 0.4911392405063291 0.7257911392405078
vt 0.4911392405063291 1
vt 0.6189873417721519 1
vt 0.6189873417721519 0.7257911392405078
vt 0.4911392405063291 0.7257911392405078
vt 0.4911392405063291 1
vt 0.6189873417721519 1
vt 0.6189873417721519 0.7257911392405078
vt 0.4911392405063291 0.7257911392405078
vt 0.4911392405063291 1
vt 0.6164556962025318 1
vt 0.6164556962025318 0.7405063291139249
vt 0.4911392405063291 0.7405063291139249
vt 0.4911392405063291 1
vt 0.6164556962025318 1
vt 0.6164556962025318 0.7405063291139249
vt 0.4911392405063291 0.7405063291139249
vn 0 0 -1
vn 1 0 0
vn 0 0 1
vn -1 0 0
vn 0 1 0
vn 0 -1 0
usemtl m_26de012e-ba8e-8d66-c9c5-a6d99ad7124f
f 12/28/7 15/27/7 13/26/7 10/25/7
f 11/32/8 12/31/8 10/30/8 9/29/8
f 16/36/9 11/35/9 9/34/9 14/33/9
f 15/40/10 16/39/10 14/38/10 13/37/10
f 14/44/11 9/43/11 10/42/11 13/41/11
f 15/48/12 12/47/12 11/46/12 16/45/12
o cube
v 0.16874999999999996 3.45625 0.23750000000000004
v 0.16874999999999996 3.45625 -0.1375
v 0.16874999999999996 2.51875 0.23750000000000004
v 0.16874999999999996 2.51875 -0.1375
v -0.20625 3.45625 -0.1375
v -0.20625 3.45625 0.23750000000000004
v -0.20625 2.51875 -0.1375
v -0.20625 2.51875 0.23750000000000004
vt 0.5594936708860759 1
vt 0.6737341772151897 1
vt 0.6737341772151897 0.738449367088608
vt 0.5594936708860759 0.738449367088608
vt 0.5594936708860759 1
vt 0.6737341772151897 1
vt 0.6737341772151897 0.738449367088608
vt 0.5594936708860759 0.738449367088608
vt 0.5594936708860759 1
vt 0.6737341772151897 1
vt 0.6737341772151897 0.738449367088608
vt 0.5594936708860759 0.738449367088608
vt 0.5594936708860759 1
vt 0.6737341772151897 1
vt 0.6737341772151897 0.738449367088608
vt 0.5594936708860759 0.738449367088608
vt 0.5594936708860759 1
vt 0.67626582278481 1
vt 0.67626582278481 0.7338607594936712
vt 0.5594936708860759 0.7338607594936712
vt 0.5594936708860759 1
vt 0.67626582278481 1
vt 0.67626582278481 0.7338607594936712
vt 0.5594936708860759 0.7338607594936712
vn 0 0 -1
vn 1 0 0
vn 0 0 1
vn -1 0 0
vn 0 1 0
vn 0 -1 0
usemtl m_26de012e-ba8e-8d66-c9c5-a6d99ad7124f
f 20/52/13 23/51/13 21/50/13 18/49/13
f 19/56/14 20/55/14 18/54/14 17/53/14
f 24/60/15 19/59/15 17/58/15 22/57/15
f 23/64/16 24/63/16 22/62/16 21/61/16
f 22/68/17 17/67/17 18/66/17 21/65/17
f 23/72/18 20/71/18 19/70/18 24/69/18
o cube
v 0.10624999999999996 4.39375 0.17500000000000004
v 0.10624999999999996 4.39375 -0.07500000000000001
v 0.10624999999999996 3.45625 0.17500000000000004
v 0.10624999999999996 3.45625 -0.07500000000000001
v -0.14375 4.39375 -0.07500000000000001
v -0.14375 4.39375 0.17500000000000004
v -0.14375 3.45625 -0.07500000000000001
v -0.14375 3.45625 0.17500000000000004
vt 0.6227848101265825 1
vt 0.6879746835443047 1
vt 0.6879746835443047 0.7164556962025319
vt 0.6227848101265825 0.7164556962025319
vt 0.6227848101265825 1
vt 0.6879746835443047 1
vt 0.6879746835443047 0.7164556962025319
vt 0.6227848101265825 0.7164556962025319
vt 0.6227848101265825 1
vt 0.6879746835443047 1
vt 0.6879746835443047 0.7164556962025319
vt 0.6227848101265825 0.7164556962025319
vt 0.6227848101265825 1
vt 0.687974683544304 1
vt 0.687974683544304 0.7164556962025319
vt 0.6227848101265825 0.7164556962025319
vt 0.6227848101265825 0.9974683544303797
vt 0.6905063291139241 0.9974683544303797
vt 0.6905063291139241 0.7164556962025319
vt 0.6227848101265825 0.7164556962025319
vt 0.6227848101265825 0.9974683544303797
vt 0.6905063291139241 0.9974683544303797
vt 0.6905063291139241 0.7164556962025319
vt 0.6227848101265825 0.7164556962025319
vn 0 0 -1
vn 1 0 0
vn 0 0 1
vn -1 0 0
vn 0 1 0
vn 0 -1 0
usemtl m_26de012e-ba8e-8d66-c9c5-a6d99ad7124f
f 28/76/19 31/75/19 29/74/19 26/73/19
f 27/80/20 28/79/20 26/78/20 25/77/20
f 32/84/21 27/83/21 25/82/21 30/81/21
f 31/88/22 32/87/22 30/86/22 29/85/22
f 30/92/23 25/91/23 26/90/23 29/89/23
f 31/96/24 28/95/24 27/94/24 32/93/24
o cube
v -0.01874999999999999 4.670298539860114 0.07263209198633169
v -0.01874999999999999 4.73845383261845 -1.4883807542353213
v -0.01874999999999999 0.29946257043948554 -0.11820272773701335
v -0.01874999999999999 0.3676178631978231 -1.6792155739586665
v -0.01874999999999999 4.73845383261845 -1.4883807542353213
v -0.01874999999999999 4.670298539860114 0.07263209198633169
v -0.01874999999999999 0.3676178631978231 -1.6792155739586665
v -0.01874999999999999 0.29946257043948554 -0.11820272773701335
vt 0.7164556962025324 0.6683544303797467
vt 0.9708860759493692 0.6683544303797467
vt 0.9708860759493692 0.16376582278481178
vt 0.7164556962025324 0.16376582278481178
vt 0.08860759493670857 0.665822784810126
vt 0.3430379746835451 0.665822784810126
vt 0.3430379746835451 0.18655063291139418
vt 0.08860759493670857 0.18655063291139418
vt 0.7455696202531641 0.673417721518987
vt 1 0.673417721518987
vt 1 0.1688291139240523
vt 0.7455696202531641 0.1688291139240523
vt 0.34303797468354547 0.6658227848101264
vt 0.08860759493670874 0.6658227848101264
vt 0.08860759493670874 0.18655063291139418
vt 0.34303797468354547 0.18655063291139418
vt 0.7481012658227839 0.6405063291139239
vt 1 0.6405063291139239
vt 1 0.15063291139240587
vt 0.7481012658227839 0.15063291139240587
vt 0.7481012658227844 0.6354430379746832
vt 1 0.6354430379746832
vt 1 0.14556962025316533
vt 0.7481012658227844 0.14556962025316533
vn 0 0.043619387365336 -0.9990482215818578
vn 1 0 0
vn 0 -0.043619387365336 0.9990482215818578
vn -1 0 0
vn 0 0.9990482215818578 0.043619387365336
vn 0 -0.9990482215818578 -0.043619387365336
usemtl m_26de012e-ba8e-8d66-c9c5-a6d99ad7124f
f 36/100/25 39/99/25 37/98/25 34/97/25
f 35/104/26 36/103/26 34/102/26 33/101/26
f 40/108/27 35/107/27 33/106/27 38/105/27
f 39/112/28 40/111/28 38/110/28 37/109/28
f 38/116/29 33/115/29 34/114/29 37/113/29
f 39/120/30 36/119/30 35/118/30 40/117/30
o cube
v -0.01874999999999999 4.73845383261845 1.4883807542353213
v -0.01874999999999999 4.670298539860114 -0.07263209198633169
v -0.01874999999999999 0.8047014601398861 1.6601320919863318
v -0.01874999999999999 0.7365461673815488 0.09911924576467879
v -0.01874999999999999 4.670298539860114 -0.07263209198633169
v -0.01874999999999999 4.73845383261845 1.4883807542353213
v -0.01874999999999999 0.7365461673815488 0.09911924576467879
v -0.01874999999999999 0.8047014601398861 1.6601320919863318
vt 1 0.673417721518987
vt 0.7455696202531641 0.673417721518987
vt 0.7455696202531641 0.1688291139240523
vt 1 0.1688291139240523
vt 0.3430379746835451 0.665822784810126
vt 0.08860759493670857 0.665822784810126
vt 0.08860759493670857 0.18655063291139418
vt 0.3430379746835451 0.18655063291139418
vt 0.9708860759493692 0.6683544303797467
vt 0.7164556962025324 0.6683544303797467
vt 0.7164556962025324 0.16376582278481178
vt 0.9708860759493692 0.16376582278481178
vt 0.08860759493670874 0.6658227848101264
vt 0.34303797468354547 0.6658227848101264
vt 0.34303797468354547 0.18655063291139418
vt 0.08860759493670874 0.18655063291139418
vt 0.7481012658227839 0.15063291139240587
vt 1 0.15063291139240587
vt 1 0.6405063291139239
vt 0.7481012658227839 0.6405063291139239
vt 0.7481012658227844 0.14556962025316533
vt 1 0.14556962025316533
vt 1 0.6354430379746832
vt 0.7481012658227844 0.6354430379746832
vn 0 -0.043619387365336 -0.9990482215818578
vn 1 0 0
vn 0 0.043619387365336 0.9990482215818578
vn -1 0 0
vn 0 0.9990482215818578 -0.043619387365336
vn 0 -0.9990482215818578 0.043619387365336
usemtl m_26de012e-ba8e-8d66-c9c5-a6d99ad7124f
f 44/124/31 47/123/31 45/122/31 42/121/31
f 43/128/32 44/127/32 42/126/32 41/125/32
f 48/132/33 43/131/33 41/130/33 46/129/33
f 47/136/34 48/135/34 46/134/34 45/133/34
f 46/140/35 41/139/35 42/138/35 45/137/35
f 47/144/36 44/143/36 43/142/36 48/141/36
o cube
v 1.4696307542353193 4.863453832618452 3.3306690738754696e-16
v -0.09138209198633346 4.795298539860114 0
v 1.6413820919863333 0.9297014601398881 3.3306690738754696e-16
v 0.08036924576468052 0.8615461673815492 0
v -0.09138209198633346 4.795298539860114 0
v 1.4696307542353193 4.863453832618452 3.3306690738754696e-16
v 0.08036924576468052 0.8615461673815492 0
v 1.6413820919863333 0.9297014601398881 3.3306690738754696e-16
vt 1 0.673417721518987
vt 0.7455696202531641 0.673417721518987
vt 0.7455696202531641 0.1688291139240523
vt 1 0.1688291139240523
vt 0.3430379746835451 0.665822784810126
vt 0.08860759493670857 0.665822784810126
vt 0.08860759493670857 0.18655063291139418
vt 0.3430379746835451 0.18655063291139418
vt 0.9708860759493692 0.6683544303797467
vt 0.7164556962025324 0.6683544303797467
vt 0.7164556962025324 0.16376582278481178
vt 0.9708860759493692 0.16376582278481178
vt 0.08860759493670874 0.6658227848101264
vt 0.34303797468354547 0.6658227848101264
vt 0.34303797468354547 0.18655063291139418
vt 0.08860759493670874 0.18655063291139418
vt 0.7481012658227839 0.15063291139240587
vt 1 0.15063291139240587
vt 1 0.6405063291139239
vt 0.7481012658227839 0.6405063291139239
vt 0.7481012658227844 0.14556962025316533
vt 1 0.14556962025316533
vt 1 0.6354430379746832
vt 0.7481012658227844 0.6354430379746832
vn -0.9990482215818577 -0.04361938736533689 -2.2213593796328025e-16
vn 2.2183326766219873e-16 9.685449634608132e-18 -1
vn 0.9990482215818577 0.04361938736533689 2.2213593796328025e-16
vn -2.2183326766219873e-16 -9.685449634608132e-18 1
vn -0.04361938736533689 0.9990482215818577 -2.7531600201644214e-18
vn 0.04361938736533689 -0.9990482215818577 2.7531600201644214e-18
usemtl m_26de012e-ba8e-8d66-c9c5-a6d99ad7124f
f 52/148/37 55/147/37 53/146/37 50/145/37
f 51/152/38 52/151/38 50/150/38 49/149/38
f 56/156/39 51/155/39 49/154/39 54/153/39
f 55/160/40 56/159/40 54/158/40 53/157/40
f 54/164/41 49/163/41 50/162/41 53/161/41
f 55/168/42 52/167/42 51/166/42 56/165/42
o cube
v 0.053882091986333425 4.795298539860114 0
v -1.5071307542353194 4.863453832618452 -3.3306690738754696e-16
v -0.1178692457646805 0.8615461673815492 0
v -1.6788820919863334 0.9297014601398881 -3.3306690738754696e-16
v -1.5071307542353194 4.863453832618452 -3.3306690738754696e-16
v 0.053882091986333425 4.795298539860114 0
v -1.6788820919863334 0.9297014601398881 -3.3306690738754696e-16
v -0.1178692457646805 0.8615461673815492 0
vt 0.7164556962025324 0.6683544303797467
vt 0.9708860759493692 0.6683544303797467
vt 0.9708860759493692 0.16376582278481178
vt 0.7164556962025324 0.16376582278481178
vt 0.08860759493670857 0.665822784810126
vt 0.3430379746835451 0.665822784810126
vt 0.3430379746835451 0.18655063291139418
vt 0.08860759493670857 0.18655063291139418
vt 0.7455696202531641 0.673417721518987
vt 1 0.673417721518987
vt 1 0.1688291139240523
vt 0.7455696202531641 0.1688291139240523
vt 0.34303797468354547 0.6658227848101264
vt 0.08860759493670874 0.6658227848101264
vt 0.08860759493670874 0.18655063291139418
vt 0.34303797468354547 0.18655063291139418
vt 0.7481012658227839 0.6405063291139239
vt 1 0.6405063291139239
vt 1 0.15063291139240587
vt 0.7481012658227839 0.15063291139240587
vt 0.7481012658227844 0.6354430379746832
vt 1 0.6354430379746832
vt 1 0.14556962025316533
vt 0.7481012658227844 0.14556962025316533
vn -0.9990482215818577 0.04361938736533689 -2.2213593796328025e-16
vn 2.2183326766219873e-16 -9.685449634608132e-18 -1
vn 0.9990482215818577 -0.04361938736533689 2.2213593796328025e-16
vn -2.2183326766219873e-16 9.685449634608132e-18 1
vn 0.04361938736533689 0.9990482215818577 2.7531600201644214e-18
vn -0.04361938736533689 -0.9990482215818577 -2.7531600201644214e-18
usemtl m_26de012e-ba8e-8d66-c9c5-a6d99ad7124f
f 60/172/43 63/171/43 61/170/43 58/169/43
f 59/176/44 60/175/44 58/174/44 57/173/44
f 64/180/45 59/179/45 57/178/45 62/177/45
f 63/184/46 64/183/46 62/182/46 61/181/46
f 62/188/47 57/187/47 58/186/47 61/185/47
f 63/192/48 60/191/48 59/190/48 64/189/48
o cube
v -1.3002433016802397 4.874358679459787 -1.17427226162414
v 0.03479999534663181 4.795298539860114 0.049069530104607906
v -1.4409414893365105 0.5035227100391602 -1.3031983971013372
v -0.10589819230963887 0.42446257043948643 -0.07985660537258932
v 0.03479999534663181 4.795298539860114 0.049069530104607906
v -1.3002433016802397 4.874358679459787 -1.17427226162414
v -0.10589819230963887 0.42446257043948643 -0.07985660537258932
v -1.4409414893365105 0.5035227100391602 -1.3031983971013372
vt 1 0.673417721518987
vt 0.7455696202531641 0.673417721518987
vt 0.7455696202531641 0.1688291139240523
vt 1 0.1688291139240523
vt 0.3430379746835451 0.665822784810126
vt 0.08860759493670857 0.665822784810126
vt 0.08860759493670857 0.18655063291139418
vt 0.3430379746835451 0.18655063291139418
vt 0.9708860759493692 0.6683544303797467
vt 0.7164556962025324 0.6683544303797467
vt 0.7164556962025324 0.16376582278481178
vt 0.9708860759493692 0.16376582278481178
vt 0.08860759493670874 0.6658227848101264
vt 0.34303797468354547 0.6658227848101264
vt 0.34303797468354547 0.18655063291139418
vt 0.08860759493670874 0.18655063291139418
vt 0.7481012658227839 0.15063291139240587
vt 1 0.15063291139240587
vt 1 0.6405063291139239
vt 0.7481012658227839 0.6405063291139239
vt 0.7481012658227844 0.14556962025316533
vt 1 0.14556962025316533
vt 1 0.6354430379746832
vt 0.7481012658227844 0.6354430379746832
vn 0.7365756121527566 -0.043619387365337325 0.6749471954365504
vn -0.6755902076156671 -7.632783294297949e-17 0.7372773368101176
vn -0.7365756121527566 0.043619387365337325 -0.6749471954365504
vn 0.6755902076156671 7.632783294297949e-17 -0.7372773368101176
vn 0.03215958575000473 0.9990482215818577 0.029468830966216497
vn -0.03215958575000473 -0.9990482215818577 -0.029468830966216497
usemtl m_26de012e-ba8e-8d66-c9c5-a6d99ad7124f
f 68/196/49 71/195/49 69/194/49 66/193/49
f 67/200/50 68/199/50 66/198/50 65/197/50
f 72/204/51 67/203/51 65/202/51 70/201/51
f 71/208/52 72/207/52 70/206/52 69/205/52
f 70/212/53 65/211/53 66/210/53 69/209/53
f 71/216/54 68/215/54 67/214/54 72/213/54
o cube
v -0.07229999534663212 4.795298539860114 -0.04906953010460802
v 1.2627433016802394 4.874358679459787 1.17427226162414
v 0.06839819230963862 0.42446257043948643 0.0798566053725891
v 1.4034414893365101 0.5035227100391602 1.3031983971013372
v 1.2627433016802394 4.874358679459787 1.17427226162414
v -0.07229999534663212 4.795298539860114 -0.04906953010460802
v 1.4034414893365101 0.5035227100391602 1.3031983971013372
v 0.06839819230963862 0.42446257043948643 0.0798566053725891
vt 0.7164556962025324 0.6683544303797467
vt 0.9708860759493692 0.6683544303797467
vt 0.9708860759493692 0.16376582278481178
vt 0.7164556962025324 0.16376582278481178
vt 0.08860759493670857 0.665822784810126
vt 0.3430379746835451 0.665822784810126
vt 0.3430379746835451 0.18655063291139418
vt 0.08860759493670857 0.18655063291139418
vt 0.7455696202531641 0.673417721518987
vt 1 0.673417721518987
vt 1 0.1688291139240523
vt 0.7455696202531641 0.1688291139240523
vt 0.34303797468354547 0.6658227848101264
vt 0.08860759493670874 0.6658227848101264
vt 0.08860759493670874 0.18655063291139418
vt 0.34303797468354547 0.18655063291139418
vt 0.7481012658227839 0.6405063291139239
vt 1 0.6405063291139239
vt 1 0.15063291139240587
vt 0.7481012658227839 0.15063291139240587
vt 0.7481012658227844 0.6354430379746832
vt 1 0.6354430379746832
vt 1 0.14556962025316533
vt 0.7481012658227844 0.14556962025316533
vn 0.7365756121527566 0.043619387365337325 0.6749471954365504
vn -0.6755902076156671 7.632783294297949e-17 0.7372773368101176
vn -0.7365756121527566 -0.043619387365337325 -0.6749471954365504
vn 0.6755902076156671 -7.632783294297949e-17 -0.7372773368101176
vn -0.03215958575000473 0.9990482215818577 -0.029468830966216497
vn 0.03215958575000473 -0.9990482215818577 0.029468830966216497
usemtl m_26de012e-ba8e-8d66-c9c5-a6d99ad7124f
f 76/220/55 79/219/55 77/218/55 74/217/55
f 75/224/56 76/223/56 74/222/56 73/221/56
f 80/228/57 75/227/57 73/226/57 78/225/57
f 79/232/58 80/231/58 78/230/58 77/229/58
f 78/236/59 73/235/59 74/234/59 77/233/59
f 79/240/60 76/239/60 75/238/60 80/237/60
o cube
v -0.14950184087180213 4.795298539860113 0.1498416385112089
v 1.552069972082137 4.874358679459787 -0.4694798528703903
v 0.029824231011240432 0.42446257043948643 0.08457228611790135
v 1.7313960439651792 0.5035227100391602 -0.5347492052636977
v 1.552069972082137 4.874358679459787 -0.4694798528703903
v -0.14950184087180213 4.795298539860113 0.1498416385112089
v 1.7313960439651792 0.5035227100391602 -0.5347492052636977
v 0.029824231011240432 0.42446257043948643 0.08457228611790135
vt 0.7164556962025324 0.6683544303797467
vt 0.9708860759493692 0.6683544303797467
vt 0.9708860759493692 0.16376582278481178
vt 0.7164556962025324 0.16376582278481178
vt 0.08860759493670857 0.665822784810126
vt 0.3430379746835451 0.665822784810126
vt 0.3430379746835451 0.18655063291139418
vt 0.08860759493670857 0.18655063291139418
vt 0.7455696202531641 0.673417721518987
vt 1 0.673417721518987
vt 1 0.1688291139240523
vt 0.7455696202531641 0.1688291139240523
vt 0.34303797468354547 0.6658227848101264
vt 0.08860759493670874 0.6658227848101264
vt 0.08860759493670874 0.18655063291139418
vt 0.34303797468354547 0.18655063291139418
vt 0.7481012658227839 0.6405063291139239
vt 1 0.6405063291139239
vt 1 0.15063291139240587
vt 0.7481012658227839 0.15063291139240587
vt 0.7481012658227844 0.6354430379746832
vt 1 0.6354430379746832
vt 1 0.14556962025316533
vt 0.7481012658227844 0.14556962025316533
vn 0.9387982416297591 0.04361938736533738 -0.34169461593467526
vn 0.3420201433256625 1.7347234759768067e-18 0.9396926207859106
vn -0.9387982416297591 -0.04361938736533738 0.34169461593467526
vn -0.3420201433256625 -1.7347234759768067e-18 -0.9396926207859106
vn -0.040988816430409705 0.9990482215818578 0.014918709118470276
vn 0.040988816430409705 -0.9990482215818578 -0.014918709118470276
usemtl m_26de012e-ba8e-8d66-c9c5-a6d99ad7124f
f 84/244/61 87/243/61 85/242/61 82/241/61
f 83/248/62 84/247/62 82/246/62 81/245/62
f 88/252/63 83/251/63 81/250/63 86/249/63
f 87/256/64 88/255/64 86/254/64 85/253/64
f 86/260/65 81/259/65 82/258/65 85/257/65
f 87/264/66 84/263/66 83/262/66 88/261/66
o cube
v -0.0168245475717268 4.670298539860113 0.158537767751048
v -1.4014598529007034 4.73845383261845 -0.5622577492338723
v -0.16916984476972496 0.7365461673815483 0.07923182572325693
v -1.5538051500987016 0.8047014601398859 -0.6415636912616633
v -1.4014598529007034 4.73845383261845 -0.5622577492338723
v -0.0168245475717268 4.670298539860113 0.158537767751048
v -1.5538051500987016 0.8047014601398859 -0.6415636912616633
v -0.16916984476972496 0.7365461673815483 0.07923182572325693
vt 0.7164556962025324 0.6683544303797467
vt 0.9708860759493692 0.6683544303797467
vt 0.9708860759493692 0.16376582278481178
vt 0.7164556962025324 0.16376582278481178
vt 0.08860759493670857 0.665822784810126
vt 0.3430379746835451 0.665822784810126
vt 0.3430379746835451 0.18655063291139418
vt 0.08860759493670857 0.18655063291139418
vt 0.7455696202531641 0.673417721518987
vt 1 0.673417721518987
vt 1 0.1688291139240523
vt 0.7455696202531641 0.1688291139240523
vt 0.34303797468354547 0.6658227848101264
vt 0.08860759493670874 0.6658227848101264
vt 0.08860759493670874 0.18655063291139418
vt 0.34303797468354547 0.18655063291139418
vt 0.7481012658227839 0.6405063291139239
vt 1 0.6405063291139239
vt 1 0.15063291139240587
vt 0.7481012658227839 0.15063291139240587
vt 0.7481012658227844 0.6354430379746832
vt 1 0.6354430379746832
vt 1 0.14556962025316533
vt 0.7481012658227844 0.14556962025316533
vn -0.8861665954105449 0.043619387365336035 -0.4613091308703488
vn 0.4617486132350331 2.0816681711721682e-17 -0.8870108331782223
vn 0.8861665954105449 -0.043619387365336035 0.4613091308703488
vn -0.4617486132350331 -2.0816681711721682e-17 0.8870108331782223
vn 0.03869086912965033 0.9990482215818578 0.020141191626105635
vn -0.03869086912965033 -0.9990482215818578 -0.020141191626105635
usemtl m_26de012e-ba8e-8d66-c9c5-a6d99ad7124f
f 92/268/67 95/267/67 93/266/67 90/265/67
f 91/272/68 92/271/68 90/270/68 89/269/68
f 96/276/69 91/275/69 89/274/69 94/273/69
f 95/280/70 96/279/70 94/278/70 93/277/70
f 94/284/71 89/283/71 90/282/71 93/281/71
f 95/288/72 92/287/72 91/286/72 96/285/72
o cube
v 1.2389598529007033 4.73845383261845 0.8122577492338721
v -0.14567545242827334 4.670298539860113 0.09146223224895189
v 1.3913051500987015 0.8047014601398859 0.8915636912616631
v 0.006669844769724764 0.7365461673815483 0.17076817427674285
v -0.14567545242827334 4.670298539860113 0.09146223224895189
v 1.2389598529007033 4.73845383261845 0.8122577492338721
v 0.006669844769724764 0.7365461673815483 0.17076817427674285
v 1.3913051500987015 0.8047014601398859 0.8915636912616631
vt 1 0.673417721518987
vt 0.7455696202531641 0.673417721518987
vt 0.7455696202531641 0.1688291139240523
vt 1 0.1688291139240523
vt 0.3430379746835451 0.665822784810126
vt 0.08860759493670857 0.665822784810126
vt 0.08860759493670857 0.18655063291139418
vt 0.3430379746835451 0.18655063291139418
vt 0.9708860759493692 0.6683544303797467
vt 0.7164556962025324 0.6683544303797467
vt 0.7164556962025324 0.16376582278481178
vt 0.9708860759493692 0.16376582278481178
vt 0.08860759493670874 0.6658227848101264
vt 0.34303797468354547 0.6658227848101264
vt 0.34303797468354547 0.18655063291139418
vt 0.08860759493670874 0.18655063291139418
vt 0.7481012658227839 0.15063291139240587
vt 1 0.15063291139240587
vt 1 0.6405063291139239
vt 0.7481012658227839 0.6405063291139239
vt 0.7481012658227844 0.14556962025316533
vt 1 0.14556962025316533
vt 1 0.6354430379746832
vt 0.7481012658227844 0.6354430379746832
vn -0.8861665954105449 -0.043619387365336035 -0.4613091308703488
vn 0.4617486132350331 -2.0816681711721682e-17 -0.8870108331782223
vn 0.8861665954105449 0.043619387365336035 0.4613091308703488
vn -0.4617486132350331 2.0816681711721682e-17 0.8870108331782223
vn -0.03869086912965033 0.9990482215818578 -0.020141191626105635
vn 0.03869086912965033 -0.9990482215818578 0.020141191626105635
usemtl m_26de012e-ba8e-8d66-c9c5-a6d99ad7124f
f 100/292/73 103/291/73 101/290/73 98/289/73
f 99/296/74 100/295/74 98/294/74 97/293/74
f 104/300/75 99/299/75 97/298/75 102/297/75
f 103/304/76 104/303/76 102/302/76 101/301/76
f 102/308/77 97/307/77 98/306/77 101/305/77
f 103/312/78 100/311/78 99/310/78 104/309/78
o cube
v 0.8078304939896637 4.882537314590789 -1.5829077383928056
v -0.11478776775105021 4.795298539860115 0.18942545242827558
v 0.8959482073538807 0.5117013451701609 -1.7521802908350304
v -0.026670054386833175 0.424462570439486 0.020152899986050854
v -0.11478776775105021 4.795298539860115 0.18942545242827558
v 0.8078304939896637 4.882537314590789 -1.5829077383928056
v -0.026670054386833175 0.424462570439486 0.020152899986050854
v 0.8959482073538807 0.5117013451701609 -1.7521802908350304
vt 1 0.673417721518987
vt 0.7455696202531641 0.673417721518987
vt 0.7455696202531641 0.1688291139240523
vt 1 0.1688291139240523
vt 0.3430379746835451 0.665822784810126
vt 0.08860759493670857 0.665822784810126
vt 0.08860759493670857 0.18655063291139418
vt 0.3430379746835451 0.18655063291139418
vt 0.9708860759493692 0.6683544303797467
vt 0.7164556962025324 0.6683544303797467
vt 0.7164556962025324 0.16376582278481178
vt 0.9708860759493692 0.16376582278481178
vt 0.08860759493670874 0.6658227848101264
vt 0.34303797468354547 0.6658227848101264
vt 0.34303797468354547 0.18655063291139418
vt 0.08860759493670874 0.18655063291139418
vt 0.7481012658227839 0.15063291139240587
vt 1 0.15063291139240587
vt 1 0.6405063291139239
vt 0.7481012658227839 0.6405063291139239
vt 0.7481012658227844 0.14556962025316533
vt 1 0.14556962025316533
vt 1 0.6354430379746832
vt 0.7481012658227844 0.6354430379746832
vn -0.46130913087035685 -0.04361938736533747 0.8861665954105407
vn -0.887010833178218 -1.1102230246251563e-16 -0.4617486132350411
vn 0.46130913087035685 0.04361938736533747 -0.8861665954105407
vn 0.887010833178218 1.1102230246251563e-16 0.4617486132350411
vn -0.02014119162610674 0.9990482215818578 0.03869086912965136
vn 0.02014119162610674 -0.9990482215818578 -0.03869086912965136
usemtl m_26de012e-ba8e-8d66-c9c5-a6d99ad7124f
f 108/316/79 111/315/79 109/314/79 106/313/79
f 107/320/80 108/319/80 106/318/80 105/317/80
f 112/324/81 107/323/81 105/322/81 110/321/81
f 111/328/82 112/327/82 110/326/82 109/325/82
f 110/332/83 105/331/83 106/330/83 109/329/83
f 111/336/84 108/335/84 107/334/84 112/333/84
o cube
v -0.047712232248949826 4.795298539860115 0.06057454757172431
v -0.7685077492338827 4.863453832618454 1.4452098529006943
v -0.13457112113653513 0.48690308428835216 0.22742892069334586
v -0.855366638121468 0.5550583770466919 1.6120642260223157
v -0.7685077492338827 4.863453832618454 1.4452098529006943
v -0.047712232248949826 4.795298539860115 0.06057454757172431
v -0.855366638121468 0.5550583770466919 1.6120642260223157
v -0.13457112113653513 0.48690308428835216 0.22742892069334586
vt 0.7164556962025324 0.6683544303797467
vt 0.9708860759493692 0.6683544303797467
vt 0.9708860759493692 0.16376582278481178
vt 0.7164556962025324 0.16376582278481178
vt 0.08860759493670857 0.665822784810126
vt 0.3430379746835451 0.665822784810126
vt 0.3430379746835451 0.18655063291139418
vt 0.08860759493670857 0.18655063291139418
vt 0.7455696202531641 0.673417721518987
vt 1 0.673417721518987
vt 1 0.1688291139240523
vt 0.7455696202531641 0.1688291139240523
vt 0.34303797468354547 0.6658227848101264
vt 0.08860759493670874 0.6658227848101264
vt 0.08860759493670874 0.18655063291139418
vt 0.34303797468354547 0.18655063291139418
vt 0.7481012658227839 0.6405063291139239
vt 1 0.6405063291139239
vt 1 0.15063291139240587
vt 0.7481012658227839 0.15063291139240587
vt 0.7481012658227844 0.6354430379746832
vt 1 0.6354430379746832
vt 1 0.14556962025316533
vt 0.7481012658227844 0.14556962025316533
vn -0.46130913087035685 0.04361938736533747 0.8861665954105407
vn -0.887010833178218 1.1102230246251563e-16 -0.4617486132350411
vn 0.46130913087035685 -0.04361938736533747 -0.8861665954105407
vn 0.887010833178218 -1.1102230246251563e-16 0.4617486132350411
vn 0.02014119162610674 0.9990482215818578 -0.03869086912965136
vn -0.02014119162610674 -0.9990482215818578 0.03869086912965136
usemtl m_26de012e-ba8e-8d66-c9c5-a6d99ad7124f
f 116/340/85 119/339/85 117/338/85 114/337/85
f 115/344/86 116/343/86 114/342/86 113/341/86
f 120/348/87 115/347/87 113/346/87 118/345/87
f 119/352/88 120/351/88 118/350/88 117/349/88
f 118/356/89 113/355/89 114/354/89 117/353/89
f 119/360/90 116/359/90 115/358/90 120/357/90
o cube
v -1.7145699720821368 4.874358679459787 0.7194798528703903
v -0.012998159128198294 4.795298539860113 0.1001583614887912
v -1.8938960439651793 0.5035227100391602 0.7847492052636977
v -0.1923242310112408 0.42446257043948643 0.16542771388209876
v -0.012998159128198294 4.795298539860113 0.1001583614887912
v -1.7145699720821368 4.874358679459787 0.7194798528703903
v -0.1923242310112408 0.42446257043948643 0.16542771388209876
v -1.8938960439651793 0.5035227100391602 0.7847492052636977
vt 1 0.673417721518987
vt 0.7455696202531641 0.673417721518987
vt 0.7455696202531641 0.1688291139240523
vt 1 0.1688291139240523
vt 0.3430379746835451 0.665822784810126
vt 0.08860759493670857 0.665822784810126
vt 0.08860759493670857 0.18655063291139418
vt 0.3430379746835451 0.18655063291139418
vt 0.9708860759493692 0.6683544303797467
vt 0.7164556962025324 0.6683544303797467
vt 0.7164556962025324 0.16376582278481178
vt 0.9708860759493692 0.16376582278481178
vt 0.08860759493670874 0.6658227848101264
vt 0.34303797468354547 0.6658227848101264
vt 0.34303797468354547 0.18655063291139418
vt 0.08860759493670874 0.18655063291139418
vt 0.7481012658227839 0.15063291139240587
vt 1 0.15063291139240587
vt 1 0.6405063291139239
vt 0.7481012658227839 0.6405063291139239
vt 0.7481012658227844 0.14556962025316533
vt 1 0.14556962025316533
vt 1 0.6354430379746832
vt 0.7481012658227844 0.6354430379746832
vn 0.9387982416297591 -0.04361938736533738 -0.34169461593467526
vn 0.3420201433256625 -1.7347234759768067e-18 0.9396926207859106
vn -0.9387982416297591 0.04361938736533738 0.34169461593467526
vn -0.3420201433256625 1.7347234759768067e-18 -0.9396926207859106
vn 0.040988816430409705 0.9990482215818578 -0.014918709118470276
vn -0.040988816430409705 -0.9990482215818578 0.014918709118470276
usemtl m_26de012e-ba8e-8d66-c9c5-a6d99ad7124f
f 124/364/91 127/363/91 125/362/91 122/361/91
f 123/368/92 124/367/92 122/366/92 121/365/92
f 128/372/93 123/371/93 121/370/93 126/369/93
f 127/376/94 128/375/94 126/374/94 125/373/94
f 126/380/95 121/379/95 122/378/95 125/377/95
f 127/384/96 124/383/96 123/382/96 128/381/96